397.734795
402.078393
406.050577
410.952618
415.274996
419.749318
424.818625
429.682881
433.363256
438.159395
443.332774
448.296210
453.716479
457.702710
462.602469
467.139777
472.257210
476.802518
481.986551
486.778471
490.487881
494.998245
499.402095
503.713686
507.888111
512.898304
517.952976
522.241721
527.687270
531.850748
534.487380
538.888781
543.607199
546.862967
551.935855
557.208436
561.415064
565.792699
570.065949
573.738702
578.850764
583.462084
588.066798
592.868853
596.920788
601.753540
606.294641
611.230387
616.212048
619.981911
624.181193
628.747776
633.327628
637.840732
642.148239
646.321493
650.735637
654.953764
659.654911
664.417922
668.540493
